1
0
2
0.3
3
0.48
4
0.6
5
0.7
6
0.78
7
0.85
8
0.9
9
0.95
10
1
11
1.04
12
1.08
13
1.11
14
1.15
15
1.18
16
1.2
17
1.23
18
1.26
19
1.28
20
1.3
21
1.32
22
1.34
23
1.36
24
1.38
25
1.4
26
1.41
27
1.43
28
1.45
29
1.46
30
1.48
31
1.49
32
1.51
33
1.52
34
1.53
35
1.54
36
1.56
37
1.57
38
1.58
39
1.59
40
1.6
41
1.61
42
1.62
43
1.63
44
1.64
45
1.65
46
1.66
47
1.67
48
1.68
49
1.69
50
1.7
51
1.71
52
1.72
53
1.72
54
1.73
55
1.74
56
1.75
57
1.76
58
1.76
59
1.77
60
1.78
61
1.79
62
1.79
63
1.8
64
1.81
65
1.81
66
1.82
67
1.83
68
1.83
69
1.84
70
1.85
71
1.85
72
1.86
73
1.86
74
1.87
75
1.88
76
1.88
77
1.89
78
1.89
79
1.9
80
1.9
81
1.91
82
1.91
83
1.92
84
1.92
85
1.93
86
1.93
87
1.94
88
1.94
89
1.95
90
1.95
91
1.96
92
1.96
93
1.97
94
1.97
95
1.98
96
1.98
97
1.99
98
1.99
99
2
100
2